0 
0 
0 
0 
0 
0 
0 
0 
0 
0 
0 
0 
0 
0 
0 
0 
0 
0 
0 
0 
0 
0 
0 
0 
0 
0 
0 
0 
0 
0 
0 
0 
0 
0 
0 
0 
0 
2 
3 
0 
0 
0 
0 
0 
0 
0 
0 
0 
0 
0 
0 
0 
0 
0 
0 
0 
0 
0 
0 
0 
0 
0 
0 
0 
0 
0 
0 
0 
0 
0 
0 
0 
0 
0 
0 
1602 
-2769 
246 
3742 
-2091 
-2451 
-515 
-1107 
1145 
-3819 
3445 
1648 
-1681 
-2773 
-3218 
2942 
-1406 
-3756 
477 
3678 
-908 
-1230 
1114 
2077 
-799 
-4058 
2408 
-4050 
2717 
-3809 
-685 
2955 
102 
-3056 
3673 
-2650 
2205 
0 
0 
0 
0 
0 
0 
0 
0 
0 
0 
0 
0 
0 
0 
0 
0 
0 
0 
0 
0 
0 
0 
0 
0 
0 
0 
0 
0 
0 
0 
0 
0 
0 
0 
0 
0 
0 
